# Palettes draft 2
# Target length = 9

# Monochrome 

Monochrome <- list("Red" =  c("#4F000B", "#610019", "#720026", "#A0213F", "#CE4257", "#E76154", "#FF7F51", "#FF8D53", "#FF9B54"),
                   "Red_dark" = c("#370617", "#6a040f", "#9d0208", "#d00000", "#dc2f02", "#e85d04", "#f48c06", "#faa307", "#ffba08"),
                   "Yellow" =  c("#663800", "#8F4F00", "#B86500", "#DC8003", "#FF9B05", "#FFAE29", "#FFC14D", "#FFCF75", "#FFDEA1"), 
                   "Green" = c("#007f5f", "#2b9348", "#55a630", "#80b918", "#aacc00", "#bfd200", "#dddf00", "#eeef20", "#ffff3f"), 
                   "Green_dark" = c("#002400", "#143005", "#273B09", "#405013", "#58641D", "#6A7A34", "#7B904B", "#BDC596", "#FEFAE0"), 
                   "Blue" = c("#03045e", "#023e8a", "#0077b6", "#0096c7", "#00b4d8", "#48cae4", "#90e0ef", "#ade8f4", "#caf0f8"), 
                   "Blue_dark" = c("#011523", "#012948", "#014270", "#1A5C85", "#347494", "#4A91B0", "#6EAFCB", "#94C8DC", "#B9DDE8"), 
                   "Purple" = c("#60086F", "#613371", "#6D5480", "#726485", "#78748B", "#9F9FAB", "#C6C5CB", "#D5D4DB", "#E4E3E6"), 
                   "Purple_dark" = c("#292929", "#36172E", "#56153F", "#74114F", "#851D59", "#8B335E", "#914862", "#975E67", "#9C736B"), 
                   "Grey" = c("#f8f9fa", "#e9ecef", "#dee2e6", "#ced4da", "#adb5bd", "#6c757d", "#495057", "#343a40", "#212529"))

#Purple_dark <- c("#292929", "#36172E", "#56153F", "#74114F", "#851D59", "#8B335E", "#914862", "#975E67", "#9C736B")
#Red_neutral <- c("#4F000B", "#610019", "#720026", "#A0213F", "#CE4257", "#E76154", "#FF7F51", "#FF8D53", "#FF9B54")
#Red_dark <- c("#03071e", "#370617", "#6a040f", "#9d0208", "#d00000", "#dc2f02", "#e85d04", "#f48c06", "#faa307", "#ffba08")

#Blue <-  c("#03045e", "#023e8a", "#0077b6", "#0096c7", "#00b4d8", "#48cae4", "#90e0ef", "#ade8f4", "#caf0f8")
#Blue_dark <- c("#011523", "#012948", "#014270", "#1A5C85", "#347494", "#4A91B0", "#6EAFCB", "#94C8DC", "#B9DDE8")

#Purple_neutral <- c("#60086F", "#613371", "#6D5480", "#726485", "#78748B", "#9F9FAB", "#C6C5CB", "#D5D4DB", "#E4E3E6")

#Grey <- c("#f8f9fa", "#e9ecef", "#dee2e6", "#ced4da", "#adb5bd", "#6c757d", "#495057", "#343a40", "#212529")

#Gr <- c("#007f5f", "#2b9348", "#55a630", "#80b918", "#aacc00", "#bfd200", "#dddf00", "#eeef20", "#ffff3f")

#Gr_dark <- c("#002400", "#143005", "#273B09", "#405013", "#58641D", "#6A7A34", "#7B904B", "#BDC596", "#FEFAE0")

#Yellow <- c("#663800", "#8F4F00", "#B86500", "#DC8003", "#FF9B05", "#FFAE29", "#FFC14D", "#FFCF75", "#FFDEA1")

# Sequential (Multi-hue)

Sequential <- list("RdYBlu" = c("#481D24", "#872331", "#C5283D", "#D74D45", "#E9724C", "#F49D52", "#FFC857", "#255F85", "#373E55"),
                   "RdYBlu2" = c("#AE2012", "#BB3E03", "#CA6702", "#EE9B00", "#E9D8A6", "#94D2BD", "#0A9396", "#005F73", "#001219"),
                   "RdYBrown" = c("#CC0000", "#E33505", "#F96909", "#F89D0E", "#F8B710", "#B27D19", "#8F531C", "#6C281F", "#300702"),
                   "RdYPink" = c("#2F4858", "#33658A", "#55DDE0", "#FFD166", "#F6AE2D", "#F38F4D", "#EF6F6C", "#E44063", "#D81159"),
                   "OrYBlu" = c("#FF5400", "#FF7900", "#FF9E00", "#E6AF37", "#E4D87B", "#72C6AA", "#00AACC", "#023E8A", "#03045E"),
                   "BlYRd" = c("#241851", "#1D3E78", "#026C7C", "#02C1DE", "#FBDB4B", "#F96336", "#D62E29", "#991821", "#550C18"),
                   "BlPr" = c("#1B5F9E", "#5471BA", "#7D88C7", "#A4A7D8", "#CAC5E8", "#B287AD", "#994872", "#7D1533", "#661416"),
                   "GrYBlu" = c("#1C7C36", "#62AD59", "#A8DD7C", "#D9ED92", "#FBF8C4", "#34A0A4", "#24798B", "#145172", "#0E2C44"), 
                   "GrYl" = c("#00523D", "#0B6844", "#167D4B", "#55A630", "#80B918", "#AACC00", "#D5DF22", "#EAEB43", "#FFFF85"), 
                   "GrYRd" = c("#266204", "#317E05", "#7B9014", "#C0B716", "#FAD016" ,"#F96336","#D62E29", "#991821", "#550C18"), 
                   "PrBlN" = c("#230C0F", "#4A0D67", "#463379","#42588B", "#4AACB4", "#73C4C1", "#9BDCCD","#E0DDCF", "#F1F0EA"))

#RdYlBlu <- c("#481D24", "#872331", "#C5283D", "#D74D45", "#E9724C", "#F49D52", "#FFC857", "#255F85", "#373E55")
#RdYlBlu2 <- c("#AE2012", "#BB3E03", "#CA6702", "#EE9B00", "#E9D8A6", "#94D2BD", "#0A9396", "#005F73", "#001219")
#BluYlPink <- c("#2F4858", "#33658A", "#55DDE0", "#FFD166", "#F6AE2D", "#F38F4D", "#EF6F6C", "#E44063", "#D81159")
#GreyYlRd <- c("#292929", "#4A171C", "#841811", "#BD1905", "#DC2F02", "#E55204", "#EE7505", "#F79807", "#FFBA08")
#RdYlBrown <- c("#CC0000", "#E33505", "#F96909", "#F89D0E", "#F8B710", "#B27D19", "#8F531C", "#6C281F", "#300702")
#OrYlBlu <- c("#FF5400", "#FF7900", "#FF9E00", "#E6AF37", "#E4D87B", "#72C6AA", "#00AACC", "#023E8A", "#03045E")
#GrYlBlu <- c("#1C7C36", "#62AD59", "#A8DD7C", "#D9ED92", "#FBF8C4", "#34A0A4", "#24798B", "#145172", "#0E2C44")
#GrYl <- c("#00523D", "#0B6844", "#167D4B", "#55A630", "#80B918", "#AACC00", "#D5DF22", "#EAEB43", "#FFFF85")
#GrYRd <- c("#266204", "#317E05", "#7B9014", "#C0B716", "#FAD016" ,"#F96336","#D62E29", "#991821", "#550C18")
#BlYRd <- c("#241851", "#1D3E78", "#026C7C", "#02C1DE", "#FBDB4B", "#F96336", "#D62E29", "#991821", "#550C18")
#PrBlN <- c("#230C0F", "#4A0D67", "#463379","#42588B", "#4AACB4", "#73C4C1", "#9BDCCD","#E0DDCF", "#F1F0EA")
#BlPr <- c("#1B5F9E", "#5471BA", "#7D88C7", "#A4A7D8", "#CAC5E8", "#B287AD", "#994872", "#7D1533", "#661416")

# Divergent 

Divergent <- list("PrYRd" = c("#290029", "#3E2463", "#52489C", "#B191FF", '#FBDB4B', "#F96336", "#D62E29", "#991821", "#550C18"),
                  "GrYlPur" = c("#00523D", "#157949", "#55A630", "#AACC00", "#D5E35A", "#F2EDA6", "#C7AFD4", "#5B356A", "#320A3E"),
                  "GrNPur" = c("#18592E", "#119E40", "#63BB6F", "#B8DCA8", "#EDEDB9", "#E1BFF2", "#BD7CDE", "#6B0B9C", "#36084D"),
                  "GrYlPur2" = c("#00523D", "#157949", "#55A630", "#AACC00", "#FFF899", "#E8D498", "#955CAD", "#762696", "#320A3E"),
                  "OrNPur" = c("#8C3E03", "#C85604", "#DC7F28", "#F0A84C", "#EFE094", "#D7AAEE", "#BD7CDE", "#6B0B9C", "#36084D"),
                  "OrYPur" = c("#E04B00", "#FF6700", "#FF8300", "#F9B34B", "#F3E295", "#D791B5", "#7C33BC", "#5A189A", "#3C096C"),
                  "OrNPur2" = c("#FF8811", "#FAAC40", "#F4D06F", "#FAE4B0", "#FFF8F0", "#CEE9E1", "#6CC6BB", "#61549E", "#3B2683"),
                  "OrNGr" = c("#317E05", "#889F04", "#B7BA3D", "#E6D575", "#FFEBB5", "#F1BA5C", "#E38903", "#D76A03", "#BF3100"),
                  "OrYGr" = c("#266204", "#317E05", "#869D15", "#DBBC24", "#FFD35C", "#F1A407", "#D76A03", "#D76A03", "#B64702"),
                  "RdNPur" = c("#6A041D", "#F50000", "#FD642E", "#FAAC40", "#FFDAA9", "#D8CFDC", "#B0A6C7", "#61549E", "#3B2683"),
                  "BluNBr" = c("#274C77", "#5A82A2", "#8AADC0", "#B9D8DE", "#FFEDD6", "#EFC680", "#A67D44", "#815722", "#5B3000"),
                  "BlNGn" = c("#274C77", "#5A82A2", "#8AADC0", "#B9D8DE", "#EAF7CF", "#D1E399", "#B7CE63", "#60A857", "#09814A"),
                  "RdNGr" = c("#871D1D", "#C63333", "#D86D66", "#E9A798", "#F3E6C8", "#B1CEA1", "#6FB67A", "#479954", "#1F7B2D"),
                  "RdWBl" = c("#550304", "#9B1013", "#E11D21", "#E77375", "#F5F3F4", "#D3D3D3", "#8D7D7C", "#5E5858", "#0B090A"),
                  "BlYl" = c("#000814", "#001D3D", "#003566", "#809592", "#FFF8D6", "#FFE564", "#FFD60A", "#FFC300", "#FFA217"),
                  "BlackYl" = c("#000000", "#403E36", "#807C6B", "#C0BAA1", "#FFF8D6", "#FFE564", "#FFD60A", "#FFC300", "#FFA217"),
                  "PrYl"= c("#46237A", "#5D428B", "#73619B", "#A09EBB", "#FFF8D6", "#FFE564", "#FFD60A", "#FFC300", "#FFA217"),
                  "BrNGr" = c("#3D320F", "#8A5911", "#AD7B23", "#C2AC69", "#E5EBD6", "#ADC487", "#7B9948", "#597738", "#375427"),
                  "CyanBur" = c("#93D4ED", "#8AAEE3", "#8D94D9", "#9775C7", "#9F51B5", "#A33498", "#951664", "#7D1547", "#661426"),
                  "PinkNGr" = c("#9D1B7C", "#BB548A", "#D98D97", "#E0B6AF", "#E7DEC6", "#9CA334", "#749025", "#4B7D15", "#296614"),