############ Built-in palettes #########

#### R Master File ########


# Monochromes 
default_reds <- list("Red-Neutral" = c("#4F000B", "#720026", "#CE4257", "#FF7F51", "#FF9B54"), 
                     "Burnt" = c("#03071e", "#370617", "#6a040f", "#9d0208", "#d00000", "#dc2f02", "#e85d04", "#f48c06", "#faa307", "#ffba08"), 
                     "Red-Pink" = c("#590d22", "#800f2f", "#a4133c", "#c9184a", "#ff4d6d", "#ff758f", "#ff8fa3", "#ffb3c1", "#ffccd5", "#fff0f3"), 
                     "Summer" = c("#372b2b", "#850a0a", "#a70b0b", "#f1ba0a", "#f6de26"), 
                     "Tulip" = c("#5e0b15", "#90323d", "#d9cab3", "#bc8034", "#8c7a6b"), 
                     "BBQ" = c("#ffc857", "#e9724c", "#c5283d", "#481d24", "#255f85"), 
                     "Angry-Peach" = c("#010101", "#28100b", "#4e2015", "#752f1f", "#9c3e28", "#c24e32", "#e95d3c"))

default_yellow <- list("Bright" = c("#ff4800", "#ff5400", "#ff6000", "#ff6d00", "#ff7900", "#ff8500", "#ff9100", "#ff9e00", "#ffaa00", "#ffb600"), 
                       "Sandy" = c("#ffe169", "#fad643", "#edc531", "#dbb42c", "#c9a227", "#b69121", "#a47e1b", "#926c15", "#805b10", "#76520e"), 
                       "Bumblebee" = c("#d6d6d6", "#ffee32", "#ffd100", "#333533", "#202020"), 
                       "Yellow-Orange" = c("#f7f722", "#f2cf1c", "#eda716", "#e77f0f", "#e25709"), 
                       "Red-Yellow" = c("#ff0000", "#ff8700", "#ffd300", "#ffdc33", "#ffeb85"))

default_green <- list("Lime-Lemon" = c("#007f5f", "#2b9348", "#55a630", "#80b918", "#aacc00", "#bfd200", "#dddf00", "#eeef20", "#ffff3f"), 
                      "Seagreen" = c("#99e2b4", "#88d4ab", "#78c6a3", "#67b99a", "#56ab91", "#469d89", "#358f80", "#248277", "#14746f", "#036666"), 
                      "Mossy" = c("#1f2421", "#216869", "#49a078", "#9cc5a1", "#dce1de"),
                      "Calm" = c("#031926", "#468189", "#77aca2", "#9dbebb", "#f4e9cd"), 
                      "Greenblue" = c("#d9ed92","#b5e48c", "#99d98c", "#52b69a", "#34a0a4","#168aad", "#1a759f", "#1e6091", "#184e77"),
                      "Tropical" = c("#132a13", "#31572c", "#4f772d", "#90a955", "#ecf39e"))

default_blue <- list("Deepsea" = c("#006466", "#065a60", "#0b525b", "#144552", "#1b3a4b", "#212f45", "#272640", "#312244", "#3e1f47", "#4d194d"), 
                     "Glacial" = c("#03045e", "#023e8a", "#0077b6", "#0096c7", "#00b4d8", "#48cae4", "#90e0ef", "#ade8f4", "#caf0f8"), 
                     "Muted" = c("#012a4a", "#013a63", "#01497c", "#014f86", "#2a6f97", "#2c7da0", "#468faf", "#61a5c2", "#89c2d9", "#a9d6e5"), 
                     "BlueGrey" = c("#0466c8", "#0353a4", "#023e7d", "#002855", "#001845", "#001233", "#33415c", "#5c677d", "#7d8597", "#979dac"),
                     "DawnDusk" = c("#07c8f9", "#09a6f3", "#0a85ed", "#0c63e7", "#0d41e1"), 
                     "BlueNeutral" = c("#160f29", "#246a73", "#368f8b", "#f3dfc1", "#ddbea8"),
                     "BluePurple" = c("#97dffc", "#858ae3", "#613dc1", "#4e148c", "#2c0735"), 
                     "Violet" = c("#b28dff", "#bc98ff", "#c5a3ff", "#d1b1ff", "#d7b8ff", "#dcbfff", "#e3c7ff", "#e9cfff", "#f2daff", "#fbe4ff"), 
                     "Purple"= c("#10002b", "#240046", "#3c096c", "#5a189a", "#7b2cbf", "#9d4edd", "#c77dff", "#e0aaff"))

default_grey <- list("Tinted" = c("#bfc3ba", "#a9aca9", "#60495a", "#3f3244", "#2f2235"), 
                     "GreyNeutral" = c("#565264", "#706677", "#a6808c", "#ccb7ae", "#d6cfcb"),
                     "Classic" = c("#f8f9fa", "#e9ecef", "#dee2e6", "#ced4da", "#adb5bd", "#6c757d", "#495057", "#343a40", "#212529"))

# Divergent, Sequential, Pastel, Retro, Rainbow, Terrain

default_divergent <- list("HotCold" = c("#001219", "#005f73", "#0a9396", "#94d2bd", "#e9d8a6", "#ee9b00", "#ca6702", "#bb3e03", "#ae2012", "#9b2226"), 
                          "Modern" = c("#ff8811", "#f4d06f", "#fff8f0", "#9dd9d2", "#392f5a"), 
                          "Cenote" = c("#006d77", "#83c5be", "#edf6f9", "#ffddd2", "#e29578"),
                          "Orchard" = c("#386641", "#6a994e", "#a7c957", "#f2e8cf", "#bc4749"), 
                          "Superhero" = c("#283d3b", "#197278", "#edddd4", "#c44536", "#772e25"), 
                          "Bio" = c("#05668d", "#427aa1", "#ebf2fa", "#679436", "#a5be00"), 
                          "Sahara" = c("#7c6a0a", "#babd8d", "#ffdac6", "#fa9500", "#eb6424"), 
                          "USA" = c("#800016", "#a0001c", "#c00021", "#ff002b", "#fdf0d5", "#407ba7", "#004e89", "#002962", "#00043a"), 
                          "VioletCoral" = c("#5769ad", "#a4a8d4", "#ebe3eb", "#f6998c", "#f15b52"), 
                          "Watermelon" = c("#cc2b2b", "#df6868", "#f5e2c8", "#6fb67a", "#1f7b2d"))


default_sequential <- list( "BoldRedBlue" = c("#453f78", "#759aab", "#6b0504", "#a3320b", "#e6af2e"), 
                            "SummerEvening" = c("#fa7921", "#fe9920", "#b9a44c", "#566e3d", "#0c4767"),
                            "Oasis" = c("#264653", "#2a9d8f", "#e9c46a", "#f4a261", "#e76f51"), 
                            "SunSea" = c("#ff5400", "#ff6d00", "#ff8500", "#ff9100", "#ff9e00", "#00b4d8", "#0096c7", "#0077b6", "#023e8a", "#03045e"),
                            "Parrot" = c("#034732", "#008148", "#c6c013", "#ef8a17", "#ef2917"), 
                            "Subdued" = c("#94b9af", "#90a583", "#9d8420", "#942911", "#593837"), 
                            "LightPeacock" = c("#666a86", "#788aa3", "#92b6b1","#b2c9ab", "#e8ddb5"), 
                            "PinkBlue" = c("#f72585", "#b5179e", "#7209b7", "#560bad", "#480ca8", "#3a0ca3", "#3f37c9", "#4361ee", "#4895ef", "#4cc9f0"), 
                            "Volcano" = c("#003049", "#d62828", "#f77f00", "#fcbf49", "#eae2b7"), 
                            "IndianInk" = c("#000814", "#001d3d", "#003566", "#ffc300", "#ffd60a"), 
                            "NeonNight" = c("#1d3958", "#353652", "#4c334d", "#643047", "#7c2e41", "#942b3b", "#ab2836", "#c32530", "#db222a"), 
                            "FallEvening" = c("#1f2041", "#4b3f72", "#ffc857", "#119da4", "#19647e")) 

default_pasteltints <- list("Icecream" = c("#fec5bb", "#fcd5ce", "#fae1dd", "#f8edeb", "#e8e8e4", "#d8e2dc", "#ece4db", "#ffe5d9", "#ffd7ba", "#fec89a"), 
                            "Newborn" = c("#cdb4db", "#ffc8dd", "#ffafcc", "#bde0fe", "#a2d2ff"),
                            "Peonies" = c("#d8e2dc", "#ffe5d9", "#ffcad4", "#f4acb7", "#9d8189"))

default_retro <- list("Stereo" = c("#003049", "#d62828", "#f77f00", "#fcbf49", "#eae2b7"), 
                      "Diner" = c("#e63946", "#f1faee", "#a8dadc", "#457b9d", "#1d3557"), 
                      "Stripes" = c("#f4f1de", "#e07a5f", "#3d405b", "#81b29a", "#f2cc8f"), 
                      "Rollerblades" = c("#ffbe0b", "#fb5607", "#ff006e", "#8338ec", "#3a86ff"), 
                      "Beach" = c("#0081a7", "#00afb9", "#fdfcdc", "#fed9b7", "#f07167"), 
                      "70s" = c("#335c67", "#fff3b0", "#e09f3e", "#9e2a2b", "#540b0e"), 
                      "Holiday" = c("#ffbc42","#d81159", "#8f2d56", "#218380", "#73d2de"))

default_rainbows <- list("Pastel" = c("#ffadad", "#ffd6a5", "#fdffb6", "#caffbf", "#9bf6ff", "#a0c4ff", "#bdb2ff", "#ffc6ff"), 
                         "Standout" = c("#ef476f", "#ffd166", "#06d6a0", "#118ab2", "#073b4c"), 
                         "Aesthetic" = c("#f94144", "#f3722c", "#f8961e", "#f9844a", "#f9c74f", "#90be6d", "#43aa8b", "#4d908e", "#577590", "#277da1"), 
                         "Simple" = c("#f94144", "#f3722c", "#f8961e", "#f9c74f", "#90be6d", "#43aa8b", "#577590"), 
                         "Highlights" = c("#ff0000", "#ff8700", "#ffd300", "#deff0a", "#a1ff0a", "#0aff99", "#0aefff", "#147df5", "#580aff", "#be0aff"))

default_terrains <- list("MossyRocks" = c("#797d62", "#9b9b7a", "#d9ae94", "#f1dca7", "#ffcb69", "#d08c60", "#997b66"),
                         "Arizona" = c("#cb997e", "#ddbea9", "#ffe8d6", "#b7b7a4", "#a5a58d", "#6b705c"),